id,time
10,54
11,58
12,58
13,55
14,53
15,51
16,49
17,53
18,52
19,54
20,50
21,51
22,49
23,54
24,52
25,50
26,49
27,47
28,46
29,44
30,40
31,37
32,39
33,40
34,44
35,46
36,46
37,38
38,40
39,41
40,42
41,44
42,43
43,39
44,39
45,37
46,36
47,39
48,35
49,69
50,34
51,30
52,29
53,25
54,25
55,27
56,26
57,21
58,32
59,26
60,26
61,29
62,34
63,28
64,24
65,27
66,30
67,31
68,30
69,32
70,31
71,28
72,30
73,30
74,27
75,25
76,25
77,21
78,20
79,21
80,26
81,31
82,31
83,32
84,32
85,34
86,35
87,32
88,31
89,32
90,36
91,38
92,41
93,49
94,56
95,52
96,49
97,53
98,55
99,53
100,50
101,51
102,54
103,55
104,54
105,50
106,51
107,47
108,50
109,52
110,51
111,50
112,49
113,48
114,48
115,47
116,50
117,49
118,46
119,43
120,43
121,40
122,37
123,35
124,38
125,41
126,41
127,40
128,41
129,41
130,42
131,45
132,44
133,40
134,41
135,39
136,39
137,37
138,36
139,40
140,32
141,37
142,35
143,31
144,29
145,31
146,28
147,32
148,33
149,26
150,21
151,23
152,27
153,28
154,30
155,27
156,27
157,29
158,30
159,27
160,28
161,30
162,28
163,26
164,29
165,27
166,23
167,22
168,22
169,19
170,20
171,24
172,29
173,30
174,27
175,28
176,34
177,37
178,37
179,39
180,38
181,38
182,35
183,39
184,49
185,48
186,56
187,53
188,53
189,57
190,55
191,51
192,48
193,49
194,55
195,54
196,50
197,47
198,44
199,46
200,47
201,48
202,47
203,47
204,49
205,50
206,46
207,46
208,49
209,42
210,42
211,43
212,43
213,39
214,37
215,35
216,39
217,38
218,36
219,37
220,39
221,45
222,44
223,41
224,42
225,43
226,44
227,40
228,36
229,35
230,32
231,36
232,37
233,45
234,37
235,39
236,33
237,32
238,32
239,31
240,35
241,25
242,24
243,21
244,25
245,27
246,26
247,25
248,31
249,31
250,28
251,24
252,28
253,29
254,23
255,26
256,29
257,23
258,20
259,19
260,18
261,23
262,23
263,29
264,30
265,28
266,29
267,32
268,36
269,40
270,40
271,39
272,38
273,39
274,47
275,44
276,46
277,59
278,58
279,56
280,52
281,49
282,51
283,52
284,52
285,53
286,56
287,54
288,50
289,46
290,44
291,44
292,47
293,44
294,43
295,44
296,48
297,51
298,48
299,46
300,42
301,39
302,38
303,42
304,44
305,42
306,39
307,40
308,42
309,37
310,35
311,38
312,42
313,46
314,36
315,39
316,42
317,42
318,43
319,42
320,45
321,30
322,34
323,39
324,41
325,37
326,38
327,38
328,32
329,28
330,25
331,23
332,23
333,20
334,24
335,20
336,23
337,24
338,24
339,22
340,29
341,27
342,23
343,24
344,27
345,26
346,26
347,26
348,27
349,22
350,18
351,17
352,21
353,25
354,26
355,32
356,31
357,31
358,37
359,37
360,40
361,41
362,39
363,41
364,42
365,46
366,46
367,46
368,42
369,62
370,60
371,56
372,47
373,46
374,49
375,54
376,56
377,58
378,59
379,54
380,51
381,47
382,47
383,52
384,46
385,42
386,42
387,44
388,48
389,52
390,50
391,45
392,43
393,40
394,43
395,45
396,43
397,40
398,37
399,40
400,40
401,38
402,35
403,41
404,37
405,34
406,35
407,41
408,43
409,40
410,40
411,42
412,32
413,32
414,35
415,37
416,38
417,41
418,38
419,35
420,32
421,28
422,24
423,20
424,19
425,21
426,25
427,21
428,19
429,20
430,20
431,19
432,20
433,18
434,19
435,24
436,24
437,21
438,23
439,22
440,24
441,20
442,19
443,20
444,25
445,28
446,31
447,35
448,34
449,35
450,37
451,40
452,40
453,36
454,38
455,39
456,43
457,43
458,46
459,42
460,39
461,63
462,58
463,60
464,47
465,45
466,48
467,53
468,61
469,62
470,58
471,54
472,50
473,52
474,54
475,52
476,47
477,45
478,44
479,47
480,50
481,46
482,47
483,44
484,42
485,44
486,44
487,41
488,38
489,35
490,36
491,39
492,41
493,40
494,41
495,40
496,37
497,33
498,35
499,39
500,43
501,39
502,37
503,37
504,34
505,37
506,39
507,37
508,35
509,37
510,35
511,35
512,27
513,27
514,25
515,25
516,27
517,25
518,24
519,19
520,16
521,18
522,16
523,15
524,15
525,15
526,17
527,27
528,24
529,20
530,18
531,19
532,19
533,22
534,22
535,23
536,27
537,32
538,34
539,34
540,30
541,34
542,38
543,39
544,35
545,33
546,35
547,36
548,40
549,40
550,44
551,43
552,57
553,57
554,45
555,44
556,48
557,50
558,54
559,53
560,55
561,53
562,49
563,53
564,57
565,57
566,54
567,51
568,51
569,49
570,45
571,45
572,43
573,45
574,46
575,46
576,42
577,41
578,38
579,35
580,31
581,35
582,38
583,43
584,42
585,44
586,42
587,38
588,43
589,40
590,33
591,31
592,28
593,37
594,35
595,32
596,37
597,35
598,34
599,35
600,32
601,33
602,30
603,25
604,28
605,26
606,27
607,27
608,28
609,23
610,22
611,18
612,16
613,13
614,9
615,10
616,12
617,18
618,28
619,30
620,17
621,17
622,16
623,20
624,24
625,25
626,28
627,28
628,31
629,34
630,33
631,34
632,37
633,39
634,36
635,33
636,34
637,33
638,38
639,40
640,39
641,41
642,53
643,48
644,55
645,61
646,77
647,57
648,51
649,51
650,50
651,50
652,52
653,56
654,60
655,59
656,55
657,52
658,55
659,59
660,43
661,37
662,46
663,44
664,45
666,41
667,39
668,36
669,32
670,33
671,36
672,40
673,43
674,46
675,46
676,43
677,39
678,42
679,42
680,31
681,24
682,32
683,35
684,32
685,35
686,31
687,33
688,30
689,31
690,22
691,29
692,27
693,26
694,27
695,27
696,24
697,24
698,25
699,21
700,19
701,15
702,11
703,8
704,5
705,9
706,12
707,14
708,31
709,20
710,15
711,16
712,20
713,24
714,26
715,28
716,25
717,27
718,32
719,33
720,36
721,36
722,37
723,39
724,37
725,35
726,35
727,36
728,41
729,42
730,49
731,49
732,52
733,52
734,66
735,58
736,55
737,49
738,46
739,48
740,46
741,48
742,52
743,56
744,64
745,59
746,55
747,50
748,48
749,43
750,37
751,35
752,43
753,43
754,49
755,45
756,42
757,41
758,35
759,57
760,35
761,38
762,41
763,42
764,42
765,40
766,44
767,41
768,39
769,35
770,33
771,32
772,34
773,36
774,36
775,36
776,36
777,33
778,23
779,23
780,28
781,28
782,19
783,24
784,27
785,28
786,27
787,23
788,19
789,16
790,13
791,10
792,7
793,4
794,4
795,7
796,10
797,17
798,17
799,19
800,20
801,20
802,22
803,26
804,26
805,27
806,26
807,27
808,31
809,29
810,29
811,32
812,34
813,35
814,33
815,36
816,40
817,41
818,50
819,42
820,40
821,56
822,60
823,62
824,66
825,106
826,102
827,102
828,91
829,94
830,85
831,82
832,78
833,75
834,73
835,58
836,55
837,60
838,63
839,57
840,49
841,44
842,43
843,44
844,45
845,53
846,53
847,61
848,62
849,60
850,70
851,51
852,38
853,34
854,34
855,38
856,41
857,57
858,50
859,47
860,43
861,45
862,52
863,60
864,42
865,39
866,36
867,38
868,35
869,36
870,42
871,40
872,39
873,37
874,35
875,36
876,40
877,40
878,40
879,62
880,40
881,64
882,37
883,53
884,28
885,49
886,27
887,53
888,32
889,58
890,34
891,67
892,21
893,70
894,22
895,106
896,20
897,105
898,19
899,107
900,22
901,88
902,20
903,85
904,23
905,84
906,19
907,79
908,15
909,75
910,11
911,72
912,8
913,68
914,4
915,65
916,0
917,68
918,4
919,67
920,9
921,70
922,13
923,18
924,18
925,18
926,17
927,21
928,25
929,23
930,24
931,24
932,23
933,26
934,28
935,25
936,28
937,32
938,32
939,30
940,33
941,36
942,35
943,45
944,38
945,37
946,37
947,68
948,65
949,61
950,59
951,62
952,50
953,59
954,49
955,56
956,58
957,57
958,63
959,55
960,66
961,59
962,73
963,53
964,108
965,49
966,97
967,38
968,90
969,45
970,87
971,50
972,82
973,51
974,83
975,58
976,80
977,68
978,76
979,66
980,72
981,55
982,68
983,47
984,63
985,44
986,63
987,40
988,67
989,38
990,69
991,39
992,62
993,42
994,62
995,52
996,50
997,47
998,46
999,39
1000,40
1001,40
1002,41
1003,42
1004,34
1005,36
1006,42
1007,37
1008,41
1009,43
1010,39
1011,37
1012,39
1013,40
1014,42
1015,52
1016,48
1017,45
1018,43
1019,39
1020,36
1021,35
1022,30
1023,31
1024,18
1025,23
1026,17
1027,17
1028,18
1029,16
1030,17
1031,14
1032,12
1033,10
1034,7
1035,6
1036,5
1037,9
1038,13
1039,19
1040,15
1041,17
1042,15
1043,19
1044,22
1045,21
1046,20
1047,22
1048,20
1049,23
1050,26
1051,23
1052,23
1053,27
1054,30
1055,29
1056,27
1057,30
1058,32
1059,38
1060,37
1061,35
1062,33
1063,73
1064,72
1065,69
1066,65
1067,61
1068,57
1069,58
1070,62
1071,53
1072,70
1073,63
1074,65
1075,71
1076,70
1077,74
1078,93
1079,89
1080,83
1081,85
1082,82
1083,79
1084,87
1085,79
1086,65
1087,62
1088,64
1089,67
1090,63
1091,58
1093,56
1094,56
1095,60
1096,55
1097,51
1098,54
1099,56
1100,60
1101,60
1102,58
1103,57
1104,59
1105,56
1106,53
1107,52
1108,51
1109,54
1110,47
1111,43
1112,41
1113,45
1114,48
1115,54
1116,51
1117,50
1118,51
1119,52
1120,54
1121,49
1122,48
1123,46
1124,44
1125,48
1126,43
1127,48
1128,44
1129,41
1130,37
1131,38
1132,35
1133,36
1134,36
1135,33
1136,42
1137,46
1138,46
1139,44
1140,39
1141,35
1142,33
1143,40
1144,45
1145,55
1146,50
1147,43
1148,40
1149,38
1150,32
1151,28
1152,26
1153,32
1154,68
1155,27
1156,75
1157,55
1158,83
1159,53
